dir, ind

       |  sword | shovel | pickaxe|   axe  |   hoe  | hammer | trowel |  multi  |power|
-------+--------+--------+--------+--------+--------+--------+--------+---------+-----+
   wood|1.0, 0.4|0.6, 0.2|0.7, 0.2|0.9, 0.3|0.0, 1.0|0.8, 0.3|0.4, 0.2|0.50,0.40| 0.8 |
  stone|1.2, 0.6|0.7, 0.0|0.0, 0.0|0.0, 0.0|0.0, 1.0|0.0, 0.0|0.0, 0.0|0.60,0.55| 1.2 |
   gold|0.8, 0.3|0.4, 0.0|0.0, 0.0|0.0, 0.0|0.0, 1.0|0.0, 0.0|0.0, 0.0|0.40,0.30| 2.5 |
   iron|1.5, 0.9|0.8, 0.0|0.0, 0.0|0.0, 0.0|0.0, 1.0|0.0, 0.0|0.0, 0.0|0.75,0.85| 2.1 |
diamond|1.8, 1.0|1.0, 0.0|0.0, 0.0|0.0, 0.0|0.0, 1.0|0.0, 0.0|0.0, 0.0|0.90,1.00| 3.0 |
emerald|1.7, 1.0|1.0, 0.0|0.0, 0.0|0.0, 0.0|0.0, 1.0|0.0, 0.0|0.0, 0.0|0.85,0.95| 2.9 |
hardite|2.5, 1.3|1.4, 0.0|0.0, 0.0|0.0, 0.0|0.0, 1.0|0.0, 0.0|0.0, 0.0|1.25,1.30| 3.7 |
 copper|1.4, 0.9|0.8, 0.0|0.0, 0.0|0.0, 0.0|0.0, 1.0|0.0, 0.0|0.0, 0.0|0.70,0.90| 1.9 |
-------+--------+--------+--------+--------+--------+--------+--------+---------+-----+
overall|   +++  |        |    +   |   ++   |  ----  |   ++   |    -   |
   base|2.0,1.00|1.1,0.55|1.4,0.60|1.7,0.85|alw. 1in|1.6,0.80|0.8,0.40|
-------+--------+--------+--------+--------+--------+--------+--------+
  skill| combat | digging| mining |chopping| farming| const. | garden.|